0
42.657000,189.710000,274.980000,365.700000,448.920000,555.720000,691.620000,851.280000,1092.200000,1425.700000,2227.300000
1.980915,2.993427,3.762161,4.425971,5.094475,5.883066,6.552583,7.542071,8.782606,10.823140
1
35.154000,153.740000,223.390000,297.940000,365.760000,451.750000,565.700000,698.200000,890.050000,1180.200000,1908.300000
2.097150,2.940409,3.429497,3.705695,3.970591,4.098968,4.220633,5.196739,7.522816,19.366323
2
30.093000,130.260000,186.870000,251.080000,310.350000,382.620000,480.940000,593.500000,760.040000,1007.500000,1678.200000
1.740742,2.503505,3.044132,3.485178,4.184741,4.674800,4.603671,5.712771,7.957215,19.843788
3
26.331000,109.770000,162.220000,216.180000,270.080000,333.110000,417.680000,517.650000,662.450000,884.070000,1507.300000
1.385742,2.009827,2.515631,2.992479,3.784618,4.111423,4.295357,5.418997,7.036162,18.255030
4
17.454000,97.060000,143.000000,190.670000,239.660000,295.440000,370.740000,460.280000,589.010000,788.430000,1376.500000
1.173791,1.698413,2.296211,2.615566,3.190041,3.727089,3.857310,4.920148,5.835877,14.850153
5
11.848000,85.922000,127.530000,170.610000,214.310000,265.140000,332.780000,416.480000,530.270000,711.530000,1273.500000
1.011769,1.467829,1.813052,2.229874,2.579524,3.090692,3.315019,4.129587,5.240101,12.503667
6
8.205700,77.767000,115.680000,155.410000,194.330000,240.700000,302.340000,379.810000,485.000000,652.060000,1190.200000
0.858660,1.243746,1.405483,1.860840,2.201269,2.563949,2.592194,3.501107,4.439895,10.416606
7
5.778200,69.864000,105.690000,141.070000,178.340000,220.390000,277.920000,346.140000,445.870000,601.620000,1121.100000
0.843420,0.942193,1.250152,1.485739,1.790630,2.053747,2.220315,2.951034,3.886359,8.315938
8
4.125300,63.195000,96.288000,129.540000,164.130000,202.400000,256.360000,320.050000,413.290000,558.350000,1062.400000
0.704232,0.810727,1.041758,1.271988,1.449135,1.594000,1.863617,2.313557,3.354801,6.848162
9
2.861400,57.184000,88.753000,119.170000,151.390000,187.070000,236.500000,296.380000,384.080000,519.960000,1011.500000
0.625289,0.672828,0.904415,1.036159,1.192728,1.347476,1.556320,2.016017,2.928143,5.674538
10
1.792600,52.266000,81.865000,109.380000,139.910000,173.940000,218.920000,275.830000,356.440000,486.520000,966.630000
0.541309,0.626146,0.841434,0.898051,0.956487,1.165817,1.416407,1.761752,2.489282,4.766276
11
1.134900,47.995000,75.274000,100.570000,129.900000,160.990000,203.370000,257.070000,333.160000,455.220000,926.450000
0.473970,0.613274,0.695449,0.731058,0.913323,1.019309,1.205847,1.472272,2.142027,4.081131
12
0.725040,43.983000,69.815000,92.912000,120.580000,150.560000,189.560000,240.600000,313.060000,427.280000,890.020000
0.440943,0.556183,0.576203,0.690154,0.783322,0.960400,1.109924,1.381077,1.902372,3.613392
13
0.466740,40.317000,64.338000,86.014000,112.250000,140.290000,176.310000,224.720000,294.550000,402.690000,856.660000
0.393973,0.551332,0.492209,0.608343,0.673915,0.879778,1.013320,1.226669,1.770360,3.074129
14
0.302420,36.742000,59.245000,79.594000,104.380000,131.110000,164.330000,210.900000,276.900000,379.280000,825.860000
0.389064,0.490759,0.449949,0.588935,0.672029,0.794455,0.934208,1.135521,1.610331,2.736235
15
0.197060,33.950000,54.504000,73.741000,97.188000,122.420000,153.800000,198.620000,259.430000,359.010000,797.200000
0.342964,0.448864,0.459462,0.513933,0.610535,0.752698,0.889671,1.070304,1.481649,2.666469
16
0.129030,31.164000,50.227000,68.512000,90.341000,114.390000,143.980000,186.120000,243.800000,339.360000,770.390000
0.330184,0.409185,0.440504,0.488736,0.608417,0.691612,0.807030,1.004513,1.417723,2.413599
17
0.084848,28.474000,46.211000,63.672000,84.600000,107.100000,134.310000,174.880000,229.970000,319.770000,745.200000
0.326916,0.381183,0.412980,0.453584,0.554066,0.636747,0.775674,0.988932,1.286040,2.155854
18
0.055999,25.812000,42.845000,59.204000,78.689000,100.020000,125.880000,164.630000,216.500000,302.650000,721.430000
0.331552,0.346603,0.357201,0.469726,0.516202,0.614770,0.737958,0.925262,1.267885,2.021067
19
0.037080,23.601000,39.550000,55.146000,73.362000,93.692000,118.020000,154.720000,204.480000,286.990000,698.920000
0.312263,0.309299,0.357664,0.455390,0.509266,0.586113,0.732434,0.847211,1.184840,1.862962
20
0.024623,21.577000,36.423000,51.393000,68.346000,87.772000,110.640000,145.420000,191.610000,272.180000,677.560000
0.287706,0.312232,0.312977,0.418534,0.481389,0.552487,0.690319,0.840694,1.165157,1.817653
21
0.016392,19.785000,33.510000,48.053000,63.777000,81.903000,104.030000,136.420000,180.860000,257.460000,657.230000
0.263308,0.294704,0.315999,0.414653,0.448614,0.529437,0.655978,0.772061,1.131845,1.693377
22
0.010937,18.063000,31.069000,44.713000,59.273000,76.533000,97.577000,128.110000,170.510000,243.700000,637.850000
0.242916,0.280535,0.325487,0.392630,0.416232,0.516302,0.627392,0.764246,1.089158,1.615868
23
0.007313,16.437000,28.706000,41.577000,55.050000,71.947000,91.722000,120.770000,160.980000,230.900000,619.340000
0.230355,0.264580,0.311840,0.364907,0.396274,0.476615,0.619380,0.762945,1.025357,1.574688
24
0.004898,15.104000,26.684000,38.673000,51.504000,67.415000,86.223000,113.220000,151.230000,217.750000,601.640000
0.223490,0.237354,0.289193,0.354559,0.389658,0.477842,0.570915,0.746520,0.992027,1.538346
25
0.003285,13.771000,24.615000,36.006000,47.869000,63.053000,80.936000,106.220000,143.070000,206.650000,584.690000
0.208207,0.222670,0.304082,0.319891,0.380560,0.463436,0.557302,0.723565,0.981639,1.432835
26
0.002207,12.540000,22.640000,33.508000,44.495000,58.922000,76.034000,99.920000,135.150000,196.410000,568.430000
0.191388,0.209368,0.276804,0.311353,0.361008,0.462689,0.525018,0.691482,0.923819,1.384593
27
0.001485,11.413000,20.829000,30.939000,41.429000,55.079000,71.357000,94.153000,128.020000,185.780000,552.830000
0.173279,0.208187,0.254433,0.298284,0.352274,0.432085,0.524590,0.646736,0.916675,1.403856
28
0.001000,10.319000,19.161000,28.642000,38.825000,51.332000,67.138000,88.954000,121.030000,176.050000,537.830000
0.163786,0.197753,0.241969,0.284178,0.331967,0.426101,0.485349,0.648207,0.844903,1.329511
29
0.000674,9.336000,17.633000,26.597000,36.383000,47.910000,63.016000,83.626000,114.400000,166.560000,523.420000
0.152637,0.182328,0.219872,0.273129,0.323263,0.414015,0.473251,0.604263,0.853848,1.230082
30
0.000455,8.505500,16.269000,24.539000,33.972000,44.685000,59.023000,78.836000,108.040000,158.240000,509.540000
0.137716,0.176342,0.211949,0.260649,0.315029,0.380901,0.458778,0.603093,0.822244,1.237872
31
0.000307,7.746800,14.922000,22.699000,31.637000,41.721000,55.413000,74.019000,101.950000,150.510000,496.170000
0.125209,0.169121,0.192910,0.242694,0.309801,0.372956,0.421398,0.591190,0.806140,1.185737
32
0.000208,7.040300,13.798000,21.011000,29.303000,39.192000,51.890000,69.809000,96.153000,142.790000,483.290000
0.114143,0.165514,0.190672,0.228963,0.301779,0.344332,0.432359,0.557049,0.771271,1.179101
33
0.000141,6.390200,12.644000,19.446000,27.322000,36.615000,48.774000,65.733000,91.178000,135.600000,470.870000
0.102759,0.148873,0.178900,0.222513,0.285236,0.328317,0.390567,0.556183,0.737222,1.106083
34
0.000095,5.779200,11.539000,17.861000,25.378000,34.207000,45.843000,61.716000,86.142000,128.810000,458.880000
0.095648,0.141119,0.172824,0.204878,0.280442,0.326856,0.391477,0.518454,0.726964,1.091754
35
0.000064,5.240100,10.603000,16.560000,23.638000,31.900000,42.912000,58.254000,81.798000,122.740000,447.300000
0.087239,0.130220,0.165568,0.201154,0.271631,0.315858,0.375377,0.508246,0.674203,1.061731
36
0.000044,4.746700,9.744200,15.332000,22.036000,29.833000,40.247000,55.056000,77.305000,116.690000,436.120000
0.078693,0.121103,0.157430,0.188984,0.261308,0.299183,0.368698,0.482210,0.668030,1.014007
37
0.000030,4.298400,8.923100,14.186000,20.416000,28.055000,37.645000,51.766000,73.020000,110.830000,425.310000
0.072690,0.112680,0.146002,0.187046,0.241038,0.287680,0.358300,0.455864,0.632731,0.954145
38
0.000020,3.891400,8.167300,13.062000,19.026000,26.189000,35.332000,48.753000,68.803000,106.180000,414.850000
0.065295,0.104411,0.136342,0.183984,0.227707,0.274002,0.351322,0.445959,0.611494,0.980263
39
0.000014,3.521500,7.501200,12.069000,17.623000,24.474000,33.285000,46.031000,64.795000,101.190000,404.730000
0.059509,0.097996,0.131567,0.175595,0.217644,0.262638,0.332107,0.429776,0.594704,0.960659
40
0.000009,3.180700,6.813300,11.148000,16.331000,22.773000,31.197000,43.410000,61.309000,96.593000,394.940000
0.054846,0.090954,0.122141,0.166879,0.211401,0.246796,0.330834,0.415054,0.571880,0.922766
41
0.000006,2.861300,6.237600,10.287000,15.061000,21.202000,29.145000,40.968000,57.913000,92.241000,385.450000
0.049361,0.084932,0.118064,0.163123,0.202485,0.233789,0.318513,0.402831,0.560195,0.888721
42
0.000004,2.576400,5.710100,9.501600,13.960000,19.796000,27.372000,38.662000,54.657000,87.484000,376.260000
0.045212,0.077757,0.109601,0.152404,0.194079,0.220232,0.312497,0.373677,0.537256,0.891312
43
0.000003,2.328500,5.221800,8.732600,12.870000,18.396000,25.659000,36.419000,51.731000,83.209000,367.360000
0.041602,0.072018,0.103785,0.146027,0.187723,0.221136,0.304751,0.359347,0.514293,0.843781
44
0.000002,2.103100,4.753300,8.063200,11.951000,17.145000,24.018000,34.168000,49.264000,79.527000,358.720000
0.036540,0.068065,0.099593,0.137105,0.176714,0.203317,0.292176,0.341024,0.496959,0.853814
45
0.000001,1.877900,4.328900,7.383400,11.134000,15.973000,22.599000,32.121000,46.586000,76.206000,350.340000
0.033849,0.063275,0.093581,0.131364,0.172273,0.189967,0.285973,0.339462,0.468947,0.828811
46
0.000001,1.702500,3.943600,6.780100,10.350000,14.862000,21.223000,30.405000,44.031000,72.457000,342.210000
0.030534,0.059469,0.086430,0.129260,0.165387,0.190534,0.268550,0.315406,0.465762,0.782661
47
0.000001,1.537100,3.594000,6.204600,9.594300,13.873000,19.854000,28.687000,41.669000,69.245000,334.320000
0.027963,0.054906,0.083372,0.122498,0.160040,0.186093,0.253968,0.307702,0.439148,0.812178
48
0.000000,1.389700,3.277100,5.703300,8.904000,12.913000,18.691000,26.958000,39.640000,66.012000,326.650000
0.025133,0.051939,0.076718,0.117331,0.154261,0.177085,0.243495,0.305273,0.421047,0.776741
49
0.000000,1.249800,2.986100,5.201400,8.219700,12.010000,17.497000,25.504000,37.677000,63.133000,319.210000
0.022642,0.048663,0.070930,0.112615,0.144074,0.171843,0.230193,0.295738,0.406907,0.776678
50
0.000000,1.120900,2.720200,4.776100,7.610300,11.152000,16.378000,24.091000,35.725000,60.532000,311.980000
0.020644,0.045904,0.071725,0.103648,0.137366,0.164078,0.219817,0.285995,0.382873,0.761592
55
0.000000,0.675220,1.695200,3.077100,5.093600,7.832800,11.894000,18.005000,27.756000,48.545000,278.700000
0.013841,0.033658,0.053322,0.079876,0.103776,0.138640,0.181716,0.238973,0.319319,0.659501
60
0.000000,0.395090,1.040600,1.961500,3.408300,5.520400,8.733100,13.398000,21.942000,39.538000,249.640000
0.008946,0.024557,0.039101,0.060472,0.080308,0.114008,0.148723,0.200863,0.276541,0.597399
65
0.000000,0.237630,0.656290,1.265800,2.266100,3.818600,6.345500,10.226000,17.358000,32.419000,224.110000
0.006088,0.017620,0.027694,0.044467,0.063450,0.092349,0.120816,0.169121,0.227532,0.526442
70
0.000000,0.140020,0.406200,0.810610,1.502800,2.642100,4.647500,8.028600,13.708000,26.654000,201.570000
0.003960,0.012353,0.019798,0.031974,0.047933,0.073628,0.099213,0.137764,0.202148,0.480423
75
0.000000,0.085000,0.257950,0.525750,1.005900,1.843500,3.376600,6.192600,11.065000,22.088000,181.570000
0.002541,0.008649,0.013638,0.023583,0.036036,0.057527,0.077873,0.120249,0.171314,0.437050
80
0.000000,0.052562,0.163590,0.344610,0.677840,1.283100,2.514600,4.719100,8.772800,18.360000,163.780000
0.001608,0.005846,0.009681,0.016853,0.026974,0.043585,0.065078,0.102900,0.144938,0.401871
85
0.000000,0.033046,0.105640,0.228400,0.458510,0.900240,1.900900,3.694000,7.169700,15.176000,147.890000
0.001032,0.003975,0.006764,0.011715,0.019918,0.034098,0.052027,0.085394,0.127571,0.361968
90
0.000000,0.020926,0.068924,0.152800,0.315830,0.649200,1.428500,2.918900,5.816200,12.697000,133.670000
0.000659,0.002658,0.004693,0.008498,0.014490,0.025844,0.042537,0.070568,0.113880,0.326502
95
0.000000,0.013527,0.046538,0.105640,0.222220,0.470780,1.082200,2.318200,4.772800,10.674000,121.880000
0.000430,0.001894,0.003227,0.006072,0.010549,0.019865,0.035395,0.058789,0.097019,0.286415
100
0.000000,0.008859,0.032040,0.073856,0.156950,0.344340,0.822790,1.868800,3.924900,8.961000,111.370000
0.000307,0.001314,0.002221,0.004318,0.007735,0.015244,0.028073,0.049309,0.083085,0.261660
110
0.000000,0.003857,0.015775,0.037931,0.083523,0.197910,0.494470,1.192000,2.678000,6.421600,93.163000
0.000126,0.000611,0.001142,0.002246,0.004350,0.009057,0.018211,0.032941,0.062388,0.211847
120
0.000000,0.001836,0.008484,0.021544,0.049102,0.119940,0.310220,0.789880,1.842700,4.586800,78.082000
0.000056,0.000280,0.000605,0.001230,0.002445,0.005372,0.011822,0.022986,0.046594,0.171368
130
0.000000,0.000949,0.004900,0.013058,0.030840,0.076416,0.203430,0.525820,1.267400,3.264400,65.539000
0.000026,0.000131,0.000329,0.000707,0.001432,0.003430,0.007562,0.016379,0.034342,0.138588
140
0.000000,0.000483,0.002999,0.008427,0.020556,0.051264,0.135820,0.354810,0.878490,2.318000,55.076000
0.000014,0.000065,0.000191,0.000429,0.000920,0.002236,0.005336,0.011896,0.026420,0.112147
150
0.000000,0.000276,0.001912,0.005662,0.014470,0.035727,0.092930,0.243870,0.616950,1.680000,46.327000
0.000007,0.000037,0.000120,0.000278,0.000630,0.001637,0.003851,0.009090,0.020227,0.095142
160
0.000000,0.000153,0.001249,0.003973,0.010335,0.025488,0.066272,0.172550,0.441620,1.218500,39.000000
0.000004,0.000024,0.000080,0.000197,0.000474,0.001185,0.002892,0.006888,0.015704,0.082997
170
0.000000,0.000093,0.000869,0.002880,0.007753,0.018275,0.048182,0.122050,0.311370,0.883460,32.854000
0.000002,0.000017,0.000056,0.000144,0.000342,0.000933,0.002156,0.005164,0.012141,0.071490
180
0.000000,0.000053,0.000621,0.002062,0.005878,0.013600,0.035165,0.086607,0.222750,0.657750,27.693000
0.000001,0.000011,0.000042,0.000110,0.000261,0.000702,0.001685,0.003838,0.009519,0.058253
190
0.000000,0.000031,0.000438,0.001541,0.004346,0.010403,0.025713,0.062464,0.161650,0.485160,23.355000
0.000001,0.000008,0.000032,0.000087,0.000209,0.000536,0.001284,0.002897,0.007519,0.050450
200
0.000000,0.000018,0.000315,0.001149,0.003301,0.007945,0.019355,0.046019,0.116860,0.354600,19.707000
0.000001,0.000006,0.000026,0.000067,0.000166,0.000413,0.000981,0.002255,0.005790,0.044584
