0
42.657000,189.710000,274.980000,365.700000,448.920000,555.720000,691.620000,851.280000,1092.200000,1425.700000,2227.300000
2.257870,3.274244,3.894731,4.407256,4.983316,5.761991,6.381928,7.495980,9.145872,12.062919
1
35.154000,153.740000,223.390000,297.940000,365.760000,451.750000,565.700000,698.200000,890.050000,1180.200000,1908.300000
2.371951,3.292782,3.812753,4.086455,4.343550,4.385209,4.374739,5.424648,8.045180,20.926843
2
30.093000,130.260000,186.870000,251.080000,310.350000,382.620000,480.940000,593.500000,760.040000,1007.500000,1678.200000
1.986125,2.843160,3.448221,3.900917,4.592309,4.994429,4.844462,5.982270,8.565851,21.382806
3
26.331000,109.770000,162.220000,216.180000,270.080000,333.110000,417.680000,517.650000,662.450000,884.070000,1507.300000
1.565749,2.297971,2.846914,3.361407,4.094965,4.423131,4.495321,5.681722,7.550833,19.617523
4
17.454000,97.060000,143.000000,190.670000,239.660000,295.440000,370.740000,460.280000,589.010000,788.430000,1376.500000
1.302211,1.908081,2.476401,2.900804,3.471549,3.959396,4.027656,5.160587,6.222883,16.026311
5
11.848000,85.922000,127.530000,170.610000,214.310000,265.140000,332.780000,416.480000,530.270000,711.530000,1273.500000
1.096362,1.577902,1.965341,2.444237,2.818529,3.257099,3.466051,4.345314,5.518069,13.501696
6
8.205700,77.767000,115.680000,155.410000,194.330000,240.700000,302.340000,379.810000,485.000000,652.060000,1190.200000
0.898189,1.323926,1.543371,2.040450,2.369307,2.697660,2.736630,3.690573,4.686889,11.242787
7
5.778200,69.864000,105.690000,141.070000,178.340000,220.390000,277.920000,346.140000,445.870000,601.620000,1121.100000
0.811147,1.036129,1.351363,1.615683,1.924538,2.177966,2.332997,3.093493,4.114781,9.019184
8
4.125300,63.195000,96.288000,129.540000,164.130000,202.400000,256.360000,320.050000,413.290000,558.350000,1062.400000
0.678197,0.865290,1.128343,1.361860,1.560168,1.688846,1.948824,2.423790,3.540827,7.442534
9
2.861400,57.184000,88.753000,119.170000,151.390000,187.070000,236.500000,296.380000,384.080000,519.960000,1011.500000
0.584258,0.726548,0.945547,1.100860,1.287466,1.401246,1.627134,2.099989,3.080692,6.186175
10
1.792600,52.266000,81.865000,109.380000,139.910000,173.940000,218.920000,275.830000,356.440000,486.520000,966.630000
0.498822,0.649775,0.862569,0.954187,1.024909,1.204400,1.459106,1.835125,2.611815,5.196036
11
1.134900,47.995000,75.274000,100.570000,129.900000,160.990000,203.370000,257.070000,333.160000,455.220000,926.450000
0.436876,0.596822,0.716688,0.778897,0.931619,1.048286,1.228220,1.533929,2.234998,4.455918
12
0.725040,43.983000,69.815000,92.912000,120.580000,150.560000,189.560000,240.600000,313.060000,427.280000,890.020000
0.403727,0.525951,0.591300,0.712919,0.788883,0.960509,1.116485,1.428248,1.962630,3.926610
13
0.466740,40.317000,64.338000,86.014000,112.250000,140.290000,176.310000,224.720000,294.550000,402.690000,856.660000
0.359355,0.511119,0.501570,0.606322,0.675610,0.864033,1.019660,1.254833,1.810953,3.328525
14
0.302420,36.742000,59.245000,79.594000,104.380000,131.110000,164.330000,210.900000,276.900000,379.280000,825.860000
0.342269,0.457705,0.454029,0.564591,0.663976,0.779429,0.916579,1.139700,1.643339,2.947649
15
0.197060,33.950000,54.504000,73.741000,97.188000,122.420000,153.800000,198.620000,259.430000,359.010000,797.200000
0.300320,0.415862,0.443246,0.493097,0.599053,0.719365,0.871491,1.063131,1.509692,2.845494
16
0.129030,31.164000,50.227000,68.512000,90.341000,114.390000,143.980000,186.120000,243.800000,339.360000,770.390000
0.284312,0.381586,0.415645,0.465631,0.576592,0.655678,0.787361,0.983015,1.426311,2.550756
17
0.084848,28.474000,46.211000,63.672000,84.600000,107.100000,134.310000,174.880000,229.970000,319.770000,745.200000
0.275872,0.358249,0.386097,0.429971,0.519587,0.606374,0.752992,0.958853,1.282352,2.272103
18
0.055999,25.812000,42.845000,59.204000,78.689000,100.020000,125.880000,164.630000,216.500000,302.650000,721.430000
0.281233,0.318776,0.332283,0.429437,0.482655,0.586524,0.712746,0.893817,1.254282,2.119247
19
0.037080,23.601000,39.550000,55.146000,73.362000,93.692000,118.020000,154.720000,204.480000,286.990000,698.920000
0.264639,0.283391,0.330206,0.419546,0.468594,0.558555,0.686476,0.823593,1.161798,1.944569
20
0.024623,21.577000,36.423000,51.393000,68.346000,87.772000,110.640000,145.420000,191.610000,272.180000,677.560000
0.242860,0.283845,0.292268,0.386504,0.439898,0.527913,0.644185,0.817230,1.139101,1.884707
21
0.016392,19.785000,33.510000,48.053000,63.777000,81.903000,104.030000,136.420000,180.860000,257.460000,657.230000
0.221825,0.267826,0.288829,0.379359,0.411831,0.500638,0.611873,0.740414,1.106854,1.741144
22
0.010937,18.063000,31.069000,44.713000,59.273000,76.533000,97.577000,128.110000,170.510000,243.700000,637.850000
0.205197,0.251139,0.296617,0.356775,0.387290,0.484676,0.586679,0.732079,1.065786,1.654877
23
0.007313,16.437000,28.706000,41.577000,55.050000,71.947000,91.722000,120.770000,160.980000,230.900000,619.340000
0.193483,0.235320,0.286917,0.327438,0.371754,0.447449,0.577733,0.730801,0.998096,1.603014
24
0.004898,15.104000,26.684000,38.673000,51.504000,67.415000,86.223000,113.220000,151.230000,217.750000,601.640000
0.187291,0.212048,0.266027,0.322396,0.363753,0.444470,0.534631,0.713171,0.965381,1.560089
25
0.003285,13.771000,24.615000,36.006000,47.869000,63.053000,80.936000,106.220000,143.070000,206.650000,584.690000
0.174656,0.201575,0.274191,0.293955,0.357619,0.422669,0.525630,0.691089,0.949962,1.450545
26
0.002207,12.540000,22.640000,33.508000,44.495000,58.922000,76.034000,99.920000,135.150000,196.410000,568.430000
0.161003,0.191202,0.249046,0.284655,0.339998,0.422771,0.495672,0.656467,0.892383,1.391725
27
0.001485,11.413000,20.829000,30.939000,41.429000,55.079000,71.357000,94.153000,128.020000,185.780000,552.830000
0.146111,0.188472,0.231037,0.271911,0.328621,0.396406,0.494040,0.615186,0.886483,1.408062
28
0.001000,10.319000,19.161000,28.642000,38.825000,51.332000,67.138000,88.954000,121.030000,176.050000,537.830000
0.138276,0.178385,0.221708,0.258184,0.311336,0.391832,0.455885,0.615124,0.814465,1.328869
29
0.000674,9.336000,17.633000,26.597000,36.383000,47.910000,63.016000,83.626000,114.400000,166.560000,523.420000
0.128601,0.166714,0.202273,0.247345,0.302661,0.381243,0.444578,0.573651,0.823658,1.223342
30
0.000455,8.505500,16.269000,24.539000,33.972000,44.685000,59.023000,78.836000,108.040000,158.240000,509.540000
0.115859,0.160868,0.195996,0.236026,0.290956,0.354907,0.431991,0.571700,0.795496,1.229005
31
0.000307,7.746800,14.922000,22.699000,31.637000,41.721000,55.413000,74.019000,101.950000,150.510000,496.170000
0.105200,0.152294,0.180856,0.220987,0.280056,0.349775,0.395969,0.560133,0.777639,1.176194
32
0.000208,7.040300,13.798000,21.011000,29.303000,39.192000,51.890000,69.809000,96.153000,142.790000,483.290000
0.096139,0.148315,0.177192,0.210135,0.273348,0.324050,0.404307,0.527821,0.743222,1.166642
33
0.000141,6.390200,12.644000,19.446000,27.322000,36.615000,48.774000,65.733000,91.178000,135.600000,470.870000
0.086250,0.133868,0.165494,0.204403,0.256938,0.307812,0.366233,0.528631,0.707743,1.094488
34
0.000095,5.779200,11.539000,17.861000,25.378000,34.207000,45.843000,61.716000,86.142000,128.810000,458.880000
0.080159,0.127516,0.157522,0.190412,0.253701,0.306299,0.369958,0.492006,0.698743,1.076316
35
0.000064,5.240100,10.603000,16.560000,23.638000,31.900000,42.912000,58.254000,81.798000,122.740000,447.300000
0.073187,0.117702,0.149486,0.186567,0.247082,0.295430,0.355557,0.481766,0.646489,1.046223
36
0.000044,4.746700,9.744200,15.332000,22.036000,29.833000,40.247000,55.056000,77.305000,116.690000,436.120000
0.066012,0.109649,0.141736,0.175215,0.235730,0.280336,0.349453,0.457176,0.640657,0.998087
37
0.000030,4.298400,8.923100,14.186000,20.416000,28.055000,37.645000,51.766000,73.020000,110.830000,425.310000
0.060831,0.101522,0.131706,0.170799,0.219562,0.268009,0.338076,0.433082,0.605909,0.931685
38
0.000020,3.891400,8.167300,13.062000,19.026000,26.189000,35.332000,48.753000,68.803000,106.180000,414.850000
0.054806,0.093734,0.122954,0.165722,0.209190,0.255676,0.328624,0.426464,0.585253,0.957993
39
0.000014,3.521500,7.501200,12.069000,17.623000,24.474000,33.285000,46.031000,64.795000,101.190000,404.730000
0.049771,0.088358,0.118573,0.158150,0.200965,0.244973,0.310544,0.409948,0.572349,0.937215
40
0.000009,3.180700,6.813300,11.148000,16.331000,22.773000,31.197000,43.410000,61.309000,96.593000,394.940000
0.045929,0.081979,0.109633,0.150410,0.194145,0.230209,0.309420,0.394712,0.549563,0.898030
41
0.000006,2.861300,6.237600,10.287000,15.061000,21.202000,29.145000,40.968000,57.913000,92.241000,385.450000
0.041462,0.075767,0.106201,0.147098,0.185774,0.217591,0.298232,0.383416,0.537626,0.864874
42
0.000004,2.576400,5.710100,9.501600,13.960000,19.796000,27.372000,38.662000,54.657000,87.484000,376.260000
0.037816,0.069186,0.097571,0.137018,0.177008,0.205473,0.290989,0.355250,0.514053,0.866840
43
0.000003,2.328500,5.221800,8.732600,12.870000,18.396000,25.659000,36.419000,51.731000,83.209000,367.360000
0.034890,0.063819,0.092477,0.130859,0.171737,0.207058,0.283704,0.343038,0.492777,0.819160
44
0.000002,2.103100,4.753300,8.063200,11.951000,17.145000,24.018000,34.168000,49.264000,79.527000,358.720000
0.030627,0.059403,0.088024,0.122351,0.161002,0.189566,0.271965,0.325326,0.473914,0.825037
45
0.000001,1.877900,4.328900,7.383400,11.134000,15.973000,22.599000,32.121000,46.586000,76.206000,350.340000
0.028088,0.055115,0.082698,0.116890,0.156360,0.177634,0.265680,0.325185,0.447799,0.802459
46
0.000001,1.702500,3.943600,6.780100,10.350000,14.862000,21.223000,30.405000,44.031000,72.457000,342.210000
0.025212,0.051301,0.075716,0.114801,0.150128,0.177660,0.249630,0.301339,0.443828,0.751770
47
0.000001,1.537100,3.594000,6.204600,9.594300,13.873000,19.854000,28.687000,41.669000,69.245000,334.320000
0.023008,0.046977,0.072837,0.108247,0.145124,0.173229,0.236128,0.291785,0.420415,0.783408
48
0.000000,1.389700,3.277100,5.703300,8.904000,12.913000,18.691000,26.958000,39.640000,66.012000,326.650000
0.020555,0.044188,0.066658,0.102772,0.140024,0.163848,0.226303,0.289271,0.402400,0.747640
49
0.000000,1.249800,2.986100,5.201400,8.219700,12.010000,17.497000,25.504000,37.677000,63.133000,319.210000
0.018330,0.040882,0.061267,0.098422,0.130370,0.158642,0.213377,0.280543,0.390315,0.748331
50
0.000000,1.120900,2.720200,4.776100,7.610300,11.152000,16.378000,24.091000,35.725000,60.532000,311.980000
0.016559,0.038298,0.060925,0.090855,0.124134,0.151486,0.204082,0.270933,0.365769,0.732337
55
0.000000,0.675220,1.695200,3.077100,5.093600,7.832800,11.894000,18.005000,27.756000,48.545000,278.700000
0.010669,0.026715,0.044197,0.069111,0.093410,0.125488,0.168773,0.225648,0.305253,0.630373
60
0.000000,0.395090,1.040600,1.961500,3.408300,5.520400,8.733100,13.398000,21.942000,39.538000,249.640000
0.006668,0.018798,0.031807,0.051525,0.071849,0.102660,0.137260,0.189721,0.263592,0.569039
65
0.000000,0.237630,0.656290,1.265800,2.266100,3.818600,6.345500,10.226000,17.358000,32.419000,224.110000
0.004500,0.013295,0.022229,0.037531,0.056005,0.082783,0.111996,0.158995,0.217019,0.497013
70
0.000000,0.140020,0.406200,0.810610,1.502800,2.642100,4.647500,8.028600,13.708000,26.654000,201.570000
0.002912,0.009294,0.015818,0.026995,0.042036,0.065862,0.092360,0.128743,0.193103,0.455065
75
0.000000,0.085000,0.257950,0.525750,1.005900,1.843500,3.376600,6.192600,11.065000,22.088000,181.570000
0.001858,0.006526,0.010940,0.019849,0.031422,0.051571,0.072659,0.111347,0.164379,0.413184
80
0.000000,0.052562,0.163590,0.344610,0.677840,1.283100,2.514600,4.719100,8.772800,18.360000,163.780000
0.001174,0.004431,0.007737,0.014113,0.023469,0.039178,0.060556,0.095033,0.138545,0.380050
85
0.000000,0.033046,0.105640,0.228400,0.458510,0.900240,1.900900,3.694000,7.169700,15.176000,147.890000
0.000757,0.003041,0.005406,0.009853,0.017371,0.030532,0.048152,0.079123,0.121376,0.342406
90
0.000000,0.020926,0.068924,0.152800,0.315830,0.649200,1.428500,2.918900,5.816200,12.697000,133.670000
0.000482,0.002048,0.003788,0.007174,0.012670,0.023372,0.039097,0.065399,0.108673,0.309026
95
0.000000,0.013527,0.046538,0.105640,0.222220,0.470780,1.082200,2.318200,4.772800,10.674000,121.880000
0.000314,0.001475,0.002624,0.005170,0.009242,0.017969,0.032515,0.054679,0.092798,0.270506
100
0.000000,0.008859,0.032040,0.073856,0.156950,0.344340,0.822790,1.868800,3.924900,8.961000,111.370000
0.000226,0.001028,0.001820,0.003708,0.006785,0.013857,0.025757,0.046136,0.079805,0.248098
110
0.000000,0.003857,0.015775,0.037931,0.083523,0.197910,0.494470,1.192000,2.678000,6.421600,93.163000
0.000093,0.000485,0.000953,0.001971,0.003876,0.008363,0.016859,0.031274,0.060765,0.202888
120
0.000000,0.001836,0.008484,0.021544,0.049102,0.119940,0.310220,0.789880,1.842700,4.586800,78.082000
0.000042,0.000226,0.000517,0.001101,0.002236,0.005067,0.011229,0.022316,0.046005,0.166197
130
0.000000,0.000949,0.004900,0.013058,0.030840,0.076416,0.203430,0.525820,1.267400,3.264400,65.539000
0.000020,0.000110,0.000291,0.000650,0.001350,0.003340,0.007401,0.016245,0.034305,0.135666
140
0.000000,0.000483,0.002999,0.008427,0.020556,0.051264,0.135820,0.354810,0.878490,2.318000,55.076000
0.000011,0.000057,0.000175,0.000407,0.000893,0.002224,0.005331,0.011946,0.026562,0.110936
150
0.000000,0.000276,0.001912,0.005662,0.014470,0.035727,0.092930,0.243870,0.616950,1.680000,46.327000
0.000006,0.000034,0.000114,0.000271,0.000622,0.001648,0.003880,0.009162,0.020356,0.094700
160
0.000000,0.000153,0.001249,0.003973,0.010335,0.025488,0.066272,0.172550,0.441620,1.218500,39.000000
0.000003,0.000023,0.000078,0.000194,0.000472,0.001196,0.002921,0.006943,0.015827,0.082756
170
0.000000,0.000093,0.000869,0.002880,0.007753,0.018275,0.048182,0.122050,0.311370,0.883460,32.854000
0.000002,0.000016,0.000055,0.000143,0.000344,0.000941,0.002179,0.005207,0.012233,0.071363
180
0.000000,0.000053,0.000621,0.002062,0.005878,0.013600,0.035165,0.086607,0.222750,0.657750,27.693000
0.000001,0.000011,0.000043,0.000110,0.000262,0.000707,0.001699,0.003864,0.009570,0.058233
190
0.000000,0.000031,0.000438,0.001541,0.004346,0.010403,0.025713,0.062464,0.161650,0.485160,23.355000
0.000001,0.000008,0.000032,0.000087,0.000210,0.000539,0.001290,0.002908,0.007548,0.050486
200
0.000000,0.000018,0.000315,0.001149,0.003301,0.007945,0.019355,0.046019,0.116860,0.354600,19.707000
0.000001,0.000006,0.000026,0.000067,0.000167,0.000414,0.000982,0.002259,0.005802,0.044639
